663
310
255
935
375
306
742
188
128
793
363
454
517
509
226
837
712
515
152
863
527
314
128
577
250
42
704
455
25
865
962
757
813
415
358
840
520
12
290
58
473
312
452
418
283
24
929
245
273
173
677
670
505
479
244
902
570
487
51
716
920
535
876
661
659
361
104
361
422
31
323
192
881
176
499
874
481
408
658
857
404
484
433
267
186
207
166
785
154
398
833
615
133
239
94
900
112
220
11
549
84
722
559
563
940
698
206
570
222
575
576
137
422
789
138
432
153
841
174
491
958
620
741
477
572
508
44
115
969
253
499
596
800
296
586
793
670
639
865
577
276
251
729
810
673
107
300
917
24
291
315
459
186
196
127
527
887
553
665
818
785
224
793
969
788
939
605
458
756
223
881
55
936
491
639
159
111
806
279
938
290
558
486
383
452
294
336
136
581
221
432
864
536
403
805
84
99
653
447
395
126
588
127
326
88
712
669
420
417
38
326
164
466
519
380
611
336
211
869
189
312
50
74
162
697
473
557
62
674
379
464
824
4
145
774
803
950
755
381
683
20
45
847
643
164
780
240
907
986
158
974
489
858
740
93
267
234
532
771
534
536
226
972
31
517
308
216
575
143
740
365
207
100
916
91
369
823
541
998
988
942
640
781
43
636
228
742
150
330
645
684
738
920
73
441
736
445
43
160
984
91
722
621
735
759
986
464
834
314
517
27
389
83
420
697
688
605
413
409
497
729
206
527
483
452
993
433
310
566
958
366
601
803
83
221
609
534
314
158
192
834
984
165
219
156
306
9
399
403
994
286
547
391
240
106
632
36
949
94
873
415
796
377
88
496
990
27
163
745
177
676
337
33
142
166
964
368
185
439
752
34
246
853
829
358
645
852
503
437
567
754
370
418
460
115
609
552
211
715
223
574
597
340
348
235
909
808
508
651
100
916
713
704
228
737
101
464
783
261
744
165
48
345
338
240
206
526
45
200
601
896
696
224
516
465
718
743
801
895
139
842
787
653
209
844
313
393
153
121
983
38
22
157
663
859
882
369
697
121
685
827
271
872
702
102
48
922
670
473
694
949
18
544
170
15
510
331
455
986
779
261
592
262
716
337
487
564
310
477
307
827
838
616
455
199
316
162
59
463
382