905
473
719
708
518
268
150
802
510
491
480
178
179
435
670
553
312
509
363
902
885
467
481
197
806
96
624
860
543
647
190
46
207
281
938
447
820
968
968
554
646
752
882
442
932
647
440
519
921
322
495
283
31
453
463
291
443
426
241
353
713
801
190
385
888
177
694
20
78
616
29
663
325
706
603
922
956
514
544
920
372
115
993
352
144
294
25
122
854
58
187
279
213
289
954
819
676
253
163
274
991
935
950
503
341
428
367
159
896
707
735
828
100
273
934
675
492
834
901
79
52
737
574
162
278
120
966
910
843
748
584
913
294
590
440
667
37
878
157
515
508
285
582
511
258
904
752
928
909
513
748
741
629
731
240
49
509
942
612
779
381
206
802
465
761
616
443
563
9
671
350
826
757
407
287
272
95
172
494
224
774
456
788
211
398
219
920
349
164
361
19
665
191
30
861
215
312
889
702
530
822
583
984
198
214
864
543
542
229
144
754
473
412
840
500
522
162
825
746
449
954
738
334
160
603
140
912
389
211
987
934
531
289
23
426
780
614
54
96
483
427
698
375
497
177
685
719
405
315
447
73
703
698
922
535
713
365
487
905
865
431
848
809
636
832
806
245
70
37
951
713
89
861
897
60
151
269
651
710
414
768
824
989
542
166
751
56
76
861
991
115
310
844
856
151
598
958
452
821
36
197
550
346
794
401
690
10
300
895
638
893
348
525
52
172
605
874
465
71
830
190
198
607
509
722
712
593
160
67
633
625
65
473
377
968
105
264
237
991
973
226
696
966
359
264
864
773
958
635
710
705
988
961
615
563
593
632
846
762
167
191
693
219
366
617
216
718
787
754
661
427
24
578
530
654
630
23
272
5
434
753
750
135
238
569
817
532
992
209
612
992
407
573
375
41
501
187
58
985
771
346
355
223
66
404
643
36
481
837
217
768
742
974
88
753
847
651
883
644
894
158
694
913
259
859
894
35
44
295
158
224
948
769
107
797
132
449
679
845
561
256
973
925
947
732
69
466
704
230
311
196
167
419
700
904
673
100
837
41
151
587
252
793
222
347
494
582
524
185
224
113
987
923
999
485
931
411
364
749
419
813
621
191
431
900
970
363
854
328
530
81
843
166
861
20
680
749
471
75
893